      31.42      2.606      0.559
      62.83      2.529      0.507
      94.25      2.505      0.491
     125.66      2.491      0.483
     157.08      2.482      0.477
     188.49      2.477      0.473
     219.91      2.473      0.471
     251.33      2.470      0.469
     282.74      2.469      0.468
     314.16      2.468      0.468
     345.57      2.467      0.468
     376.99      2.467      0.467
     408.41      2.467      0.467
     439.82      2.467      0.467
     471.24      2.467      0.467
     502.66      2.467      0.467
     534.07      2.466      0.467
     565.49      2.465      0.466
     596.90      2.465      0.466
     628.32      2.464      0.466
     659.73      2.464      0.465
     691.15      2.463      0.465
     722.56      2.463      0.465
     753.98      2.462      0.464
     785.39      2.462      0.464
     816.80      2.461      0.464
     848.22      2.461      0.463
     879.63      2.460      0.463
     911.05      2.460      0.463
     942.46      2.459      0.463
     973.88      2.458      0.462
    1005.29      2.458      0.462
    1036.71      2.458      0.462
    1068.12      2.457      0.461
    1099.54      2.456      0.461
    1130.95      2.456      0.461
    1162.37      2.455      0.460
    1193.78      2.455      0.460
    1225.20      2.454      0.460
    1256.61      2.454      0.459
    1288.03      2.453      0.459
    1319.44      2.453      0.459
    1350.86      2.452      0.458
    1382.27      2.452      0.458
    1413.69      2.451      0.458
    1445.10      2.451      0.457
    1476.52      2.450      0.457
    1507.93      2.450      0.457
    1539.35      2.449      0.456
    1570.76      2.449      0.456
    1602.17      2.448      0.456
    1633.59      2.448      0.455
    1665.00      2.447      0.455
    1696.42      2.447      0.455
    1727.83      2.446      0.454
    1759.25      2.446      0.454
    1790.66      2.445      0.454
    1822.08      2.445      0.454
    1853.49      2.444      0.453
    1884.91      2.444      0.453
    1916.32      2.443      0.453
    1947.74      2.443      0.452
    1979.15      2.442      0.452
    2010.57      2.441      0.452
    2041.98      2.441      0.451
    2073.40      2.443      0.453
    2104.82      2.446      0.454
    2136.24      2.448      0.456
    2167.66      2.450      0.457
    2199.09      2.452      0.458
    2230.51      2.455      0.460
    2261.93      2.457      0.461
    2293.35      2.459      0.463
    2324.77      2.462      0.464
    2356.19      2.464      0.466
    2387.61      2.466      0.467
    2419.03      2.469      0.468
    2450.45      2.471      0.470
    2481.87      2.473      0.471
    2513.29      2.476      0.473
    2544.72      2.478      0.474
    2576.14      2.480      0.476
    2607.56      2.483      0.477
    2638.98      2.485      0.479
    2670.40      2.488      0.480
    2701.82      2.490      0.482
    2733.24      2.492      0.483
    2764.66      2.495      0.485
    2796.08      2.497      0.486
    2827.50      2.500      0.488
    2858.92      2.502      0.489
    2890.34      2.504      0.491
    2921.77      2.507      0.492
    2953.19      2.509      0.494
    2984.61      2.512      0.496
    3016.03      2.514      0.497
    3047.45      2.517      0.499
    3078.87      2.519      0.500
    3110.29      2.522      0.502