      31.42     -2.819      1.581
      62.83     -1.302      2.642
      94.25     -1.978      2.204
     125.66      2.391      2.861
     157.08     -0.541      3.454
     188.49     -0.823      2.871
     219.91      1.243      3.044
     251.33      1.110      3.050
     282.74     -3.084      2.994
     314.16      1.545      2.988
     345.57      1.092      0.385
     376.99     -1.994      2.187
     408.41      2.163      2.880
     439.82      3.094      2.932
     471.24      0.778      3.113
     502.66     -2.685      1.645
     534.07     -1.962      2.980
     565.49      2.165      2.890
     596.90      3.084      2.946
     628.32      0.911      3.097
     659.73      2.819      1.135
     691.15      1.036      3.079
     722.56     -2.800      2.992
     753.98      1.918      2.923
     785.39      2.274      2.870
     816.80      2.464      3.039
     848.22     -1.332      2.623
     879.63     -2.080      2.132
     911.05      1.480      2.993
     942.46      1.705      3.221
     973.88      0.782      3.452
    1005.29     -0.594      2.960
    1036.71      1.945      2.920
    1068.12      2.599      2.859
    1099.54      2.941      1.236
    1130.95      2.224      2.886
    1162.37      2.324      3.062
    1193.78     -2.029      2.169
    1225.20      2.342      2.866
    1256.61     -2.559      2.760
    1288.03      0.779      3.114
    1319.44     -3.056      2.834
    1350.86      0.500      3.133
    1382.27      1.333      0.650
    1413.69     -2.868      2.944
    1445.10      1.715      2.958
    1476.52      0.583      3.123
    1507.93      2.118      2.895
    1539.35      2.893      2.960
    1570.76      0.716      3.120
    1602.17     -2.440      1.829
    1633.59      2.746      2.846
    1665.00     -1.870      2.282
    1696.42      2.921      2.951
    1727.83      0.785      3.114
    1759.25     -3.033      1.412
    1790.66      2.317      2.883
    1822.08      1.147      0.524
    1853.49      2.390      2.877
    1884.91      2.015      0.841
    1916.32      2.692      1.101
    1947.74      0.125      3.123
    1979.15      1.790      2.948
    2010.57      2.141      2.886
    2041.98      2.444      3.028
    2073.40     -0.852      2.867
    2104.82      1.523      2.994
    2136.24     -2.637      1.717
    2167.66     -2.863      2.959
    2199.09      1.800      2.944
    2230.51      1.669      2.958
    2261.93     -1.128      2.730
    2293.35     -0.096      3.093
    2324.77      2.430      2.874
    2356.19      1.221      0.574
    2387.61      2.977      2.930
    2419.03      0.305      3.132
    2450.45      1.868      2.932
    2481.87      1.291      3.028
    2513.29      0.303      3.117
    2544.72      2.240      2.883
    2576.14     -3.114      2.959
    2607.56      0.967      3.088
    2638.98      1.641      2.911
    2670.40     -3.006      2.921
    2701.82      0.739      3.115
    2733.24      2.019      0.826
    2764.66      2.737      2.870
    2796.08      2.418      0.956
    2827.50      1.712      2.946
    2858.92      2.488      3.066
    2890.34     -2.579      1.757
    2921.77     -2.439      1.849
    2953.19      2.710      2.812
    2984.61      1.366      3.335
    3016.03      1.966      2.902
    3047.45     -2.024      2.161
    3078.87      2.471      0.966
    3110.29      2.041      2.890