       9.42     -0.944      0.925
      18.85      1.761      1.917
      28.27      1.045      2.731
      37.70      1.487      1.973
      47.12     -1.710      1.859
      56.55     -0.291      0.288
      65.97      2.151     -0.152
      75.40     -1.589      1.415
      84.82     -3.141      0.930
      94.25      1.982      1.852
     103.67      1.932      1.754
     113.10      2.927      0.805
     122.52     -1.982      1.685
     131.95      0.349     -0.216
     141.37      1.561     -0.424
     150.79      1.108     -0.552
     160.22      2.958      0.548
     169.64     -0.785      0.693
     179.07     -0.847      2.043
     188.49     -0.649      0.806
     197.92      0.152      0.119
     207.34      1.020     -0.620
     216.77     -2.933      0.871
     226.19      1.820      1.774
     235.62     -0.579      1.787
     245.04     -0.158      0.174
     254.47      1.491     -0.501
     263.89      1.814     -0.272
     273.32     -0.027     -0.410
     282.74      1.952     -0.228
     292.17      0.035     -0.482
     301.59      2.157     -0.092
     311.02      2.399      0.168
     320.44     -0.281      0.383
     329.87      2.586      0.152
     339.29     -0.813      1.272
     348.72      0.693      2.691
     358.14      2.014      1.795
     367.57      2.029      1.882
     376.99      1.778      1.725
     386.42      3.027      0.680
     395.85      1.881     -0.161
     405.27      0.081     -0.497
     414.70      2.258     -0.015
     424.12      1.518      2.265
     433.55      1.805      1.701
     442.97      2.646      0.372
     452.40     -1.177      1.543
     461.82      1.902      0.004
     471.25      2.665      0.205
     480.67     -1.008      1.501
     490.10      3.071      0.877
     499.52     -0.792      2.694
     508.95      0.596     -0.449
     518.37      2.532      0.206
     527.80     -0.775      1.249
     537.22      1.021      2.568
     546.65      1.883      1.692
     556.07     -1.447      1.997
     565.49     -0.514      0.598
     574.92     -1.233      1.305
     584.34     -0.389      2.739
     593.76      2.944      0.615
     603.19     -0.553      0.339
     612.61     -2.710      0.912
     622.04      1.616      1.951
     631.46     -0.465      1.425
     640.88     -0.736      2.643
     650.31      0.180     -0.320
     659.73      1.799     -0.310
     669.16      0.042     -0.439
     678.58      2.037     -0.173
     688.00      1.149     -0.638
     697.43     -2.918      0.884
     706.85      1.761      1.788
     716.27     -0.918      2.072
     725.70     -0.687      0.828
     735.12      1.182      2.660
     744.55      1.412      2.059
     753.97     -0.659      1.894
     763.39     -0.491      0.565
     772.82     -1.341      1.323
     782.24     -1.570      2.201
     791.67     -0.675      0.682
     801.09     -2.247      1.477
     810.51      2.232      0.192
     819.94      1.885     -0.008
     829.36      2.380     -0.029
     838.78     -1.182      2.442
     848.21     -0.587      0.415
     857.63     -1.836      1.361
     867.06      3.119      0.898
     876.48      1.944      1.861
     885.90      1.841      1.726
     895.33     -0.605      1.712
     904.75      0.000     -0.010
     914.17      1.233     -0.595
     923.60      2.951      0.524
     933.02     -0.738      0.529