      31.42     -0.442      2.765
      62.83      2.574      2.242
      94.25      1.533      2.490
     125.66      0.803      2.711
     157.08     -0.151      2.802
     188.49      0.755      2.887
     219.91      0.351      2.793
     251.33     -1.438      2.406
     282.74      1.854      2.388
     314.16      1.063      2.641
     345.57      0.278      2.800
     376.99     -1.774      2.218
     408.41      2.065      2.329
     439.82      1.212      2.595
     471.24      0.469      2.778
     502.66     -1.012      2.600
     534.07     -1.762      2.224
     565.49      2.066      2.329
     596.90      1.210      2.596
     628.32      0.466      2.778
     659.73     -0.997      2.605
     691.15     -1.612      2.312
     722.56      2.024      2.339
     753.98      1.176      2.606
     785.39      0.427      2.783
     816.80     -1.090      2.568
     848.22      1.933      2.364
     879.63      1.108      2.626
     911.05      0.345      2.793
     942.46     -1.357      2.446
     973.88      1.483      2.506
    1005.29      0.749      2.723
    1036.71     -0.215      2.796
    1068.12      1.309      2.699
    1099.54      0.833      2.703
    1130.95     -0.054      2.807
    1162.37      2.711      1.045
    1193.78     -0.005      2.808
    1225.20     -3.130      1.315
    1256.61      1.045      2.644
    1288.03      0.272      2.799
    1319.44     -1.533      2.354
    1350.86      1.848      2.388
    1382.27      1.031      2.648
    1413.69      0.257      2.800
    1445.10     -1.556      2.341
    1476.52      1.856      2.386
    1507.93      1.032      2.647
    1539.35      0.261      2.799
    1570.76     -1.497      2.373
    1602.17      1.717      2.428
    1633.59      0.927      2.677
    1665.00      0.122      2.806
    1696.42     -2.083      2.022
    1727.83      1.898      2.372
    1759.25      1.052      2.641
    1790.66      0.293      2.796
    1822.08     -1.303      2.471
    1853.49     -0.608      2.727
    1884.91      2.393      2.260
    1916.32      1.365      2.542
    1947.74      0.626      2.747
    1979.15     -0.368      2.775
    2010.57      2.148      2.381
    2041.98      1.282      2.569
    2073.40      0.552      2.761
    2104.82     -0.529      2.745
    2136.24      2.529      2.248
    2167.66      1.471      2.508
    2199.09      0.736      2.725
    2230.51     -0.205      2.797
    2261.93      0.266      2.988
    2293.35     -0.312      2.785
    2324.77      2.513      2.287
    2356.19      1.528      2.492
    2387.61      0.802      2.712
    2419.03     -0.152      2.803
    2450.45      1.468      2.644
    2481.87      0.975      2.667
    2513.29      0.127      2.810
    2544.72     -3.014      1.391
    2576.14      1.246      2.586
    2607.56      0.504      2.774
    2638.98     -1.149      2.545
    2670.40      1.132      2.623
    2701.82      0.333      2.798
    2733.24     -2.140      1.988
    2764.66      1.995      2.352
    2796.08      1.227      2.595
    2827.50      0.452      2.784
    2858.92     -1.739      2.241
    2890.34      2.216      2.298
    2921.77      1.401      2.540
    2953.19      0.673      2.746
    2984.61     -0.939      2.631
    3016.03     -0.180      2.805
    3047.45      2.781      2.236
    3078.87      1.781      2.419
    3110.29      1.086      2.641