     9.42      0.079      0.101
      18.85     -0.004     -0.012
      28.27     -0.000      0.001
      37.70      0.000     -0.000
      47.12     -0.000      0.000
      56.55      0.000     -0.000
      65.97     -0.000      0.000
      75.40      0.000     -0.000
      84.82     -0.000     -0.000
      94.25      0.000      0.000
     103.67     -0.000     -0.000
     113.10      0.000      0.000
     122.52     -0.000     -0.000
     131.95     -0.000      0.000
     141.37      0.000     -0.000
     150.79     -0.000      0.000
     160.22      0.000     -0.000
     169.64     -0.000      0.000
     179.07      0.000     -0.000
     188.49     -0.000     -0.000
     197.92      0.000      0.000
     207.34     -0.000     -0.000
     216.77      0.000      0.000
     226.19      0.000     -0.000
     235.62     -0.000      0.000
     245.04      0.000     -0.000
     254.47     -0.000      0.000
     263.89      0.000     -0.000
     273.32     -0.000      0.000
     282.74      0.000      0.000
     292.17     -0.000     -0.000
     301.59      0.000      0.000
     311.02     -0.000     -0.000
     320.44      0.000      0.000
     329.87      0.000     -0.000
     339.29     -0.000      0.000
     348.72      0.000     -0.000
     358.14     -0.000      0.000
     367.57      0.000     -0.000
     376.99     -0.000      0.000
     386.42      0.000      0.000
     395.85     -0.000     -0.000
     405.27      0.000      0.000
     414.70      0.000      0.000
     424.12      0.000      0.000
     433.55      0.000      0.000
     442.97      0.000      0.000
     452.40      0.000      0.000
     461.82      0.000      0.000
     471.25      0.000      0.000
     480.67      0.000      0.000
     490.10      0.000      0.000
     499.52      0.000      0.000
     508.95      0.000      0.000
     518.37      0.000      0.000
     527.80      0.000      0.000
     537.22      0.000      0.000
     546.65      0.000      0.000
     556.07      0.000      0.000
     565.49      0.000      0.000
     574.92      0.000      0.000
     584.34      0.000      0.000
     593.76      0.000      0.000
     603.19      0.000      0.000
     612.61      0.000      0.000
     622.04      0.000      0.000
     631.46      0.000      0.000
     640.88      0.000      0.000
     650.31      0.000      0.000
     659.73      0.000      0.000
     669.16      0.000      0.000
     678.58      0.000      0.000
     688.00      0.000      0.000
     697.43      0.000      0.000
     706.85      0.000      0.000
     716.27      0.000      0.000
     725.70      0.000      0.000
     735.12      0.000      0.000
     744.55      0.000      0.000
     753.97      0.000      0.000
     763.39      0.000      0.000
     772.82      0.000      0.000
     782.24      0.000      0.000
     791.67      0.000      0.000
     801.09      0.000      0.000
     810.51      0.000      0.000
     819.94      0.000      0.000
     829.36      0.000      0.000
     838.78      0.000      0.000
     848.21      0.000      0.000
     857.63      0.000      0.000
     867.06      0.000      0.000
     876.48      0.000      0.000
     885.90      0.000      0.000
     895.33      0.000      0.000
     904.75      0.000      0.000
     914.17      0.000      0.000
     923.60      0.000      0.000
     933.02      0.000      0.000