    9.42      0.239      0.225
      18.85      0.062      0.528
      28.27     -0.022      0.711
      37.70     -0.045      0.760
      47.12     -0.048      0.763
      56.55     -0.048      0.763
      65.97     -0.048      0.763
      75.40     -0.048      0.763
      84.82     -0.049      0.762
      94.25     -0.049      0.762
     103.67     -0.049      0.762
     113.10     -0.049      0.762
     122.52     -0.049      0.762
     131.95     -0.049      0.761
     141.37     -0.049      0.761
     150.79     -0.049      0.761
     160.22     -0.050      0.761
     169.64     -0.050      0.761
     179.07     -0.050      0.761
     188.49     -0.050      0.760
     197.92     -0.050      0.760
     207.34     -0.050      0.760
     216.77     -0.050      0.760
     226.19     -0.051      0.760
     235.62     -0.051      0.759
     245.04     -0.051      0.759
     254.47     -0.051      0.759
     263.89     -0.051      0.759
     273.32     -0.050      0.759
     282.74     -0.050      0.760
     292.17     -0.049      0.760
     301.59     -0.049      0.761
     311.02     -0.048      0.762
     320.44     -0.048      0.762
     329.87     -0.047      0.763
     339.29     -0.047      0.763
     348.72     -0.047      0.764
     358.14     -0.046      0.764
     367.57     -0.046      0.765
     376.99     -0.045      0.766
     386.42     -0.045      0.766
     395.85     -0.044      0.767
     405.27     -0.044      0.767
     414.70     -0.044      0.768
     424.12     -0.043      0.769
     433.55     -0.043      0.769
     442.97     -0.042      0.770
     452.40     -0.042      0.770
     461.82     -0.041      0.771
     471.25     -0.041      0.771
     480.67     -0.040      0.772
     490.10     -0.040      0.773
     499.52     -0.039      0.773
     508.95     -0.039      0.774
     518.37     -0.040      0.775
     527.80     -0.040      0.774
     537.22     -0.041      0.773
     546.65     -0.042      0.772
     556.07     -0.043      0.771
     565.49     -0.043      0.770
     574.92     -0.044      0.769
     584.34     -0.045      0.769
     593.76     -0.046      0.768
     603.19     -0.046      0.766
     612.61     -0.047      0.766
     622.04     -0.048      0.765
     631.46     -0.048      0.763
     640.88     -0.049      0.763
     650.31     -0.050      0.762
     659.73     -0.051      0.761
     669.16     -0.051      0.760
     678.58     -0.052      0.759
     688.00     -0.053      0.758
     697.43     -0.053      0.757
     706.85     -0.054      0.756
     716.27     -0.055      0.755
     725.70     -0.056      0.754
     735.12     -0.056      0.753
     744.55     -0.057      0.752
     753.97     -0.058      0.751
     763.39     -0.059      0.750
     772.82     -0.059      0.749
     782.24     -0.060      0.748
     791.67     -0.061      0.747
     801.09     -0.061      0.746
     810.51     -0.062      0.745
     819.94     -0.063      0.744
     829.36     -0.063      0.743
     838.78     -0.064      0.742
     848.21     -0.065      0.741
     857.63     -0.065      0.740
     867.06     -0.066      0.739
     876.48     -0.067      0.738
     885.90     -0.068      0.737
     895.33     -0.068      0.736
     904.75     -0.069      0.735
     914.17     -0.070      0.734
     923.60     -0.070      0.733
     933.02     -0.071      0.732