       9.42     -1.163      1.062
      18.85     -0.591      0.732
      28.27     -1.442      1.311
      37.70      1.189      1.249
      47.12      1.042      1.964
      56.55      0.119     -0.517
      65.97     -0.799      0.936
      75.40     -0.888      0.396
      84.82     -1.399      1.334
      94.25      1.182      1.278
     103.67      0.951      2.065
     113.10      0.049     -0.491
     122.52     -0.841      1.027
     131.95      0.461     -0.735
     141.37     -0.390      0.123
     150.79     -1.324      1.478
     160.22      1.127      1.572
     169.64     -2.349      1.379
     179.07      1.089      1.511
     188.49     -0.683      2.375
     197.92      1.810     -0.335
     207.34     -1.053      1.562
     216.77      1.119      1.647
     226.19      2.455      0.120
     235.62      1.118      1.878
     245.04      0.195     -0.548
     254.47     -0.757      0.821
     263.89     -1.218      1.022
     273.32     -0.721      1.248
     282.74     -1.509      2.067
     292.17     -1.027      2.232
     301.59     -2.728      1.043
     311.02      1.869      1.236
     320.44      0.153     -0.511
     329.87     -0.787      0.912
     339.29     -1.001      0.613
     348.72     -1.240      1.101
     358.14      1.705      1.914
     367.57      1.064     -0.699
     376.99      0.693     -0.550
     386.42     -0.407      0.173
     395.85     -1.346      1.487
     405.27      1.135      1.578
     414.70     -2.458      1.291
     424.12      1.141      1.277
     433.55      1.079      1.927
     442.97      0.170     -0.530
     452.40     -0.758      0.866
     461.82     -1.155      0.948
     471.25      2.465      0.026
     480.67      1.265      1.386
     490.10     -0.409      2.442
     499.52      1.144     -0.610
     508.95      0.209     -0.396
     518.37     -0.802      1.011
     527.80     -0.430     -0.217
     537.22     -1.109      1.417
     546.65      1.205      1.277
     556.07      0.938      2.094
     565.49      0.037     -0.480
     574.92     -0.838      1.048
     584.34      0.824     -0.750
     593.76      0.395     -0.490
     603.19     -0.683      0.685
     612.61     -1.414      1.303
     622.04      1.205      1.209
     631.46      1.120      1.838
     640.88      0.376     -0.604
     650.31     -0.613      0.506
     659.73     -1.506      1.385
     669.16      1.138      1.453
     678.58     -0.315      2.445
     688.00      0.902     -0.664
     697.43      0.159     -0.388
     706.85     -0.856      1.061
     716.27      2.474      0.024
     725.70      1.224      1.490
     735.12     -2.226      1.476
     744.55      1.019      1.745
     753.97      1.784     -0.339
     763.39     -1.029      1.513
     772.82      1.125      1.551
     782.24     -2.148      1.537
     791.67      0.950      1.879
     801.09      0.764     -0.661
     810.51     -0.121     -0.196
     819.94     -1.073      1.355
     829.36      1.201      1.196
     838.78      1.085      1.835
     848.21      0.408     -0.628
     857.63     -0.604      0.436
     867.06     -1.537      1.360
     876.48      1.102      1.483
     885.90     -0.740      2.346
     895.33      1.817     -0.342
     904.75     -1.089      1.521
     914.17      1.078      1.648
     923.60      2.478      0.127
     933.02      0.868      2.116