  9.42      0.008      0.789
      18.85     -0.078      1.193
      28.27      0.054      0.599
      37.70     -0.069      1.229
      47.12      0.128      0.460
      56.55     -0.061      1.222
      65.97      0.113      0.485
      75.40     -0.063      1.225
      84.82      0.120      0.472
      94.25     -0.063      1.224
     103.67      0.117      0.477
     113.10     -0.063      1.224
     122.52      0.118      0.474
     131.95     -0.064      1.223
     141.37      0.117      0.475
     150.79     -0.064      1.223
     160.22      0.117      0.474
     169.64     -0.065      1.223
     179.07      0.117      0.474
     188.49     -0.065      1.222
     197.92      0.117      0.474
     207.34     -0.066      1.222
     216.77      0.117      0.473
     226.19     -0.066      1.222
     235.62      0.117      0.473
     245.04     -0.067      1.221
     254.47      0.116      0.472
     263.89     -0.066      1.221
     273.32      0.115      0.476
     282.74     -0.065      1.222
     292.17      0.116      0.476
     301.59     -0.064      1.223
     311.02      0.117      0.478
     320.44     -0.062      1.224
     329.87      0.117      0.479
     339.29     -0.061      1.225
     348.72      0.118      0.480
     358.14     -0.059      1.226
     367.57      0.118      0.481
     376.99     -0.058      1.227
     386.42      0.119      0.483
     395.85     -0.057      1.228
     405.27      0.120      0.484
     414.70     -0.055      1.229
     424.12      0.120      0.485
     433.55     -0.054      1.230
     442.97      0.121      0.487
     452.40     -0.052      1.231
     461.82      0.121      0.488
     471.25     -0.051      1.232
     480.67      0.122      0.489
     490.10     -0.050      1.233
     499.52      0.122      0.490
     508.95     -0.048      1.234
     518.37      0.122      0.492
     527.80     -0.050      1.235
     537.22      0.125      0.483
     546.65     -0.051      1.232
     556.07      0.122      0.484
     565.49     -0.054      1.231
     574.92      0.122      0.481
     584.34     -0.056      1.229
     593.76      0.121      0.479
     603.19     -0.059      1.227
     612.61      0.120      0.477
     622.04     -0.061      1.226
     631.46      0.119      0.475
     640.88     -0.063      1.224
     650.31      0.118      0.473
     659.73     -0.066      1.222
     669.16      0.117      0.471
     678.58     -0.068      1.221
     688.00      0.117      0.468
     697.43     -0.070      1.219
     706.85      0.116      0.466
     716.27     -0.073      1.217
     725.70      0.115      0.464
     735.12     -0.075      1.215
     744.55      0.114      0.462
     753.97     -0.077      1.214
     763.39      0.113      0.460
     772.82     -0.079      1.212
     782.24      0.112      0.458
     791.67     -0.082      1.210
     801.09      0.112      0.455
     810.51     -0.084      1.208
     819.94      0.110      0.454
     829.36     -0.086      1.207
     838.78      0.110      0.451
     848.21     -0.089      1.205
     857.63      0.109      0.449
     867.06     -0.091      1.203
     876.48      0.108      0.447
     885.90     -0.093      1.201
     895.33      0.107      0.445
     904.75     -0.096      1.200
     914.17      0.106      0.443
     923.60     -0.098      1.198
     933.02      0.105      0.441