 9.42      0.661      1.595
      18.85     -0.673      1.924
      28.27     -0.563      1.934
      37.70     -0.559      1.934
      47.12     -0.560      1.934
      56.55     -0.560      1.934
      65.97     -0.560      1.934
      75.40     -0.561      1.933
      84.82     -0.561      1.933
      94.25     -0.561      1.933
     103.67     -0.562      1.933
     113.10     -0.562      1.933
     122.52     -0.562      1.933
     131.95     -0.563      1.933
     141.37     -0.563      1.933
     150.79     -0.564      1.933
     160.22     -0.564      1.933
     169.64     -0.564      1.933
     179.07     -0.565      1.933
     188.49     -0.565      1.932
     197.92     -0.565      1.932
     207.34     -0.566      1.932
     216.77     -0.566      1.932
     226.19     -0.566      1.932
     235.62     -0.567      1.932
     245.04     -0.567      1.932
     254.47     -0.567      1.932
     263.89     -0.567      1.932
     273.32     -0.566      1.932
     282.74     -0.564      1.933
     292.17     -0.563      1.933
     301.59     -0.562      1.933
     311.02     -0.561      1.933
     320.44     -0.560      1.934
     329.87     -0.559      1.934
     339.29     -0.558      1.934
     348.72     -0.557      1.934
     358.14     -0.556      1.935
     367.57     -0.554      1.935
     376.99     -0.553      1.935
     386.42     -0.552      1.935
     395.85     -0.551      1.936
     405.27     -0.550      1.936
     414.70     -0.549      1.936
     424.12     -0.548      1.937
     433.55     -0.547      1.937
     442.97     -0.545      1.937
     452.40     -0.544      1.937
     461.82     -0.543      1.938
     471.25     -0.542      1.938
     480.67     -0.541      1.938
     490.10     -0.540      1.938
     499.52     -0.539      1.939
     508.95     -0.538      1.939
     518.37     -0.539      1.939
     527.80     -0.540      1.938
     537.22     -0.542      1.938
     546.65     -0.544      1.937
     556.07     -0.546      1.937
     565.49     -0.548      1.937
     574.92     -0.550      1.936
     584.34     -0.551      1.936
     593.76     -0.553      1.935
     603.19     -0.555      1.935
     612.61     -0.557      1.934
     622.04     -0.559      1.934
     631.46     -0.561      1.934
     640.88     -0.562      1.933
     650.31     -0.564      1.933
     659.73     -0.566      1.932
     669.16     -0.568      1.932
     678.58     -0.570      1.931
     688.00     -0.572      1.931
     697.43     -0.573      1.930
     706.85     -0.575      1.930
     716.27     -0.577      1.930
     725.70     -0.579      1.929
     735.12     -0.581      1.929
     744.55     -0.583      1.928
     753.97     -0.584      1.928
     763.39     -0.586      1.927
     772.82     -0.588      1.927
     782.24     -0.590      1.926
     791.67     -0.592      1.926
     801.09     -0.594      1.925
     810.51     -0.595      1.925
     819.94     -0.597      1.924
     829.36     -0.599      1.924
     838.78     -0.601      1.923
     848.21     -0.603      1.923
     857.63     -0.605      1.922
     867.06     -0.606      1.922
     876.48     -0.608      1.922
     885.90     -0.610      1.921
     895.33     -0.612      1.921
     904.75     -0.614      1.920
     914.17     -0.615      1.920
     923.60     -0.617      1.919
     933.02     -0.619      1.919