       9.42      0.217      1.397
      18.85      1.523     -0.309
      28.27     -0.632     -1.270
      37.70     -1.380      0.615
      47.12      0.992      1.046
      56.55      1.144     -0.910
      65.97     -1.273     -0.766
      75.40     -0.821      1.167
      84.82      1.463      0.463
      94.25      0.430     -1.348
     103.67     -1.559     -0.154
     113.10      0.001      1.414
     122.52      1.558     -0.156
     131.95     -0.432     -1.347
     141.37     -1.462      0.465
     150.79      0.824      1.165
     160.22      1.271     -0.768
     169.64     -1.147     -0.907
     179.07     -0.988      1.049
     188.49      1.383      0.611
     197.92      0.626     -1.273
     207.34     -1.525     -0.303
     216.77     -0.208      1.399
     226.19      1.570     -0.007
     235.62     -0.229     -1.395
     245.04     -1.520      0.318
     254.47      0.645      1.264
     263.89      1.373     -0.626
     273.32     -1.004     -1.036
     282.74     -1.132      0.922
     292.17      1.283      0.752
     301.59      0.804     -1.178
     311.02     -1.470     -0.447
     320.44     -0.407      1.355
     329.87      1.561      0.136
     339.29     -0.027     -1.414
     348.72     -1.555      0.175
     358.14      0.459      1.338
     367.57      1.452     -0.486
     376.99     -0.849     -1.149
     386.42     -1.253      0.790
     395.85      1.168      0.885
     405.27      0.962     -1.069
     414.70     -1.398     -0.586
     424.12     -0.592      1.288
     433.55      1.532      0.276
     442.97      0.169     -1.404
     452.40     -1.569      0.037
     461.82      0.271      1.388
     471.25      1.509     -0.349
     480.67     -0.685     -1.244
     490.10     -1.351      0.658
     499.52      1.038      1.007
     508.95      1.099     -0.952
     518.37     -1.309     -0.718
     527.80     -0.760      1.203
     537.22      1.486      0.410
     546.65      0.355     -1.369
     556.07     -1.565     -0.097
     565.49      0.084      1.411
     574.92      1.546     -0.216
     584.34     -0.515     -1.319
     593.76     -1.430      0.528
     603.19      0.898      1.115
     612.61      1.216     -0.832
     622.04     -1.207     -0.843
     631.46     -0.911      1.106
     640.88      1.424      0.539
     650.31      0.529     -1.313
     659.73     -1.544     -0.226
     669.16     -0.098      1.410
     678.58      1.566     -0.088
     688.00     -0.342     -1.372
     697.43     -1.489      0.401
     706.85      0.751      1.208
     716.27      1.314     -0.711
     725.70     -1.093     -0.958
     735.12     -1.043      1.002
     744.55      1.348      0.662
     753.97      0.689     -1.242
     763.39     -1.508     -0.351
     772.82     -0.272      1.387
     782.24      1.569      0.036
     791.67     -0.171     -1.403
     801.09     -1.530      0.279
     810.51      0.598      1.285
     819.94      1.393     -0.592
     829.36     -0.970     -1.062
     838.78     -1.158      0.894
     848.21      1.261      0.779
     857.63      0.833     -1.158
     867.06     -1.458     -0.470
     876.48     -0.436      1.345
     885.90      1.557      0.155
     895.33     -0.003     -1.413
     904.75     -1.556      0.160
     914.17      0.442      1.343
     923.60      1.456     -0.476
     933.02     -0.839     -1.154
