     9.42     -3.055      0.762
      18.85     -1.874      1.619
      28.27     -2.612      1.088
      37.70      2.717      0.372
      47.12      0.798      1.736
      56.55      1.171      0.963
      65.97      1.123     -0.349
      75.40     -0.051      2.147
      84.82      1.213      0.939
      94.25      1.179     -0.346
     103.67     -0.107      2.153
     113.10      1.234      0.937
     122.52      1.305     -0.331
     131.95     -0.329      2.165
     141.37      1.345      1.003
     150.79     -1.517      1.795
     160.22     -1.346      1.875
     169.64     -0.736      2.049
     179.07     -0.076      1.512
     188.49      1.519     -0.282
     197.92     -1.299      1.940
     207.34     -0.312      2.032
     216.77     -0.024      0.407
     226.19      2.721      0.384
     235.62      0.764      1.761
     245.04      1.160      0.969
     254.47      1.127     -0.351
     263.89     -0.061      2.146
     273.32      1.212      0.940
     282.74      1.186     -0.346
     292.17     -0.116      2.154
     301.59      1.238      0.937
     311.02      1.334     -0.326
     320.44     -0.404      2.164
     329.87      1.378      1.090
     339.29     -0.064      1.548
     348.72      1.774     -0.190
     358.14      2.163      0.023
     367.57      0.730     -0.304
     376.99     -0.120      2.155
     386.42      1.252      0.936
     395.85      1.417     -0.307
     405.27     -0.698      2.133
     414.70      2.506      0.246
     424.12      1.088      1.247
     433.55     -0.610      2.063
     442.97     -0.118      1.276
     452.40      0.873     -0.327
     461.82     -0.016      2.144
     471.25      1.218      0.938
     480.67      1.160     -0.343
     490.10     -0.065      2.153
     499.52      1.238      0.934
     508.95      1.254     -0.333
     518.37     -0.200      2.166
     527.80      1.301      0.948
     537.22      2.146     -0.004
     546.65      0.523     -0.218
     556.07     -0.432      2.163
     565.49      1.382      1.178
     574.92      1.365      1.238
     584.34      1.293      0.954
     593.76      2.185      0.016
     603.19      0.838     -0.330
     612.61     -0.036      2.144
     622.04      1.212      0.939
     631.46      1.166     -0.347
     640.88     -0.093      2.152
     650.31      1.227      0.938
     659.73      1.260     -0.339
     669.16     -0.235      2.162
     678.58      1.288      0.953
     688.00      2.168      0.004
     697.43      0.670     -0.291
     706.85     -0.220      2.158
     716.27      1.276      0.950
     725.70      1.966     -0.107
     735.12      0.636     -0.264
     744.55     -0.320      2.160
     753.97      1.321      0.989
     763.39     -2.372      1.259
     772.82      2.565      0.258
     782.24      1.027      1.391
     791.67     -0.117      0.630
     801.09      1.787     -0.176
     810.51      1.923     -0.111
     819.94      0.785     -0.311
     829.36     -0.171      2.150
     838.78      1.227      0.943
     848.21      1.412     -0.318
     857.63     -0.700      2.123
     867.06     -0.356      2.167
     876.48      1.288      0.971
     885.90      2.802      0.418
     895.33      0.460      1.940
     904.75      1.122      0.987
     914.17      1.150     -0.360
     923.60     -0.129      2.143
     933.02      1.190      0.946