 9.42     -0.008      0.886
      18.85     -0.077      1.196
      28.27      0.078      0.580
      37.70     -0.065      1.310
      47.12      0.597      0.022
      56.55     -0.029      1.197
      65.97      0.085      0.564
      75.40     -0.064      1.311
      84.82      0.608      0.016
      94.25     -0.029      1.195
     103.67      0.081      0.570
     113.10     -0.066      1.310
     122.52      0.604      0.018
     131.95     -0.030      1.195
     141.37      0.082      0.566
     150.79     -0.066      1.309
     160.22      0.606      0.016
     169.64     -0.031      1.194
     179.07      0.081      0.567
     188.49     -0.067      1.309
     197.92      0.605      0.016
     207.34     -0.032      1.193
     216.77      0.081      0.566
     226.19     -0.068      1.308
     235.62      0.605      0.015
     245.04     -0.033      1.192
     254.47      0.081      0.565
     263.89     -0.069      1.307
     273.32      0.599      0.019
     282.74     -0.031      1.194
     292.17      0.082      0.566
     301.59     -0.066      1.309
     311.02      0.599      0.021
     320.44     -0.029      1.196
     329.87      0.084      0.568
     339.29     -0.063      1.311
     348.72      0.600      0.023
     358.14     -0.026      1.198
     367.57      0.085      0.571
     376.99     -0.060      1.313
     386.42      0.600      0.025
     395.85     -0.023      1.200
     405.27      0.086      0.573
     414.70     -0.057      1.315
     424.12      0.600      0.026
     433.55     -0.020      1.202
     442.97      0.087      0.577
     452.40     -0.054      1.317
     461.82      0.599      0.029
     471.25     -0.018      1.204
     480.67      0.089      0.579
     490.10     -0.051      1.319
     499.52      0.600      0.031
     508.95     -0.015      1.206
     518.37      0.089      0.582
     527.80     -0.051      1.320
     537.22      0.611      0.023
     546.65     -0.018      1.203
     556.07      0.087      0.579
     565.49     -0.056      1.317
     574.92      0.611      0.020
     584.34     -0.023      1.200
     593.76      0.084      0.574
     603.19     -0.061      1.314
     612.61      0.611      0.016
     622.04     -0.027      1.196
     631.46      0.082      0.570
     640.88     -0.066      1.310
     650.31      0.611      0.013
     659.73     -0.032      1.193
     669.16      0.080      0.566
     678.58     -0.071      1.307
     688.00      0.612      0.009
     697.43     -0.036      1.189
     706.85      0.078      0.562
     716.27     -0.076      1.304
     725.70      0.611      0.006
     735.12     -0.041      1.186
     744.55      0.076      0.557
     753.97     -0.080      1.300
     763.39      0.611      0.003
     772.82     -0.045      1.182
     782.24      0.073      0.554
     791.67     -0.086      1.297
     801.09      0.611     -0.000
     810.51     -0.050      1.179
     819.94      0.072      0.549
     829.36     -0.090      1.293
     838.78      0.611     -0.004
     848.21     -0.054      1.175
     857.63      0.070      0.544
     867.06     -0.095      1.290
     876.48      0.611     -0.007
     885.90     -0.059      1.172
     895.33      0.068      0.540
     904.75     -0.100      1.287
     914.17      0.612     -0.011
     923.60     -0.063      1.168
     933.02      0.065      0.537