   9.42     -0.023      1.020
      18.85     -0.059      1.085
      28.27     -0.032      0.939
      37.70     -0.071      1.210
      47.12      0.159      0.476
      56.55     -0.051      1.429
      65.97     -2.052      1.679
      75.40      0.071      1.932
      84.82      1.277      1.746
      94.25     -2.250      1.585
     103.67     -0.660      2.271
     113.10      1.110      1.912
     122.52     -2.445      1.441
     131.95      2.624      0.500
     141.37      1.652      0.023
     150.79     -0.065      1.549
     160.22      0.064      1.938
     169.64      1.268      1.753
     179.07     -2.267      1.571
     188.49     -0.822      2.246
     197.92      1.186      1.836
     207.34     -2.365      1.500
     216.77     -2.240      1.549
     226.19     -0.983      2.207
     235.62      1.257      1.755
     245.04     -2.195      1.623
     254.47     -0.203      2.226
     263.89      0.928      2.054
     273.32     -2.355      1.507
     282.74     -2.085      1.657
     292.17      0.029      2.050
     301.59      1.124      1.902
     311.02     -2.474      1.420
     320.44      2.181      0.225
     329.87      1.357      1.671
     339.29     -2.227      1.601
     348.72     -0.477      2.279
     358.14      1.028      1.986
     367.57     -2.425      1.457
     376.99      2.851      0.662
     386.42      0.382      0.267
     395.85     -0.031      1.420
     405.27     -2.397      1.439
     414.70      2.650      0.520
     424.12      1.407     -0.031
     433.55     -0.024      1.545
     442.97      0.072      1.984
     452.40      1.236      1.805
     461.82     -2.356      1.511
     471.25     -2.367      1.464
     480.67      3.060      0.819
     490.10      0.159      0.553
     499.52     -0.039      1.438
     508.95     -2.048      1.686
     518.37      0.077      2.006
     527.80      1.211      1.835
     537.22     -2.418      1.465
     546.65      2.833      0.651
     556.07      0.427      0.230
     565.49     -0.025      1.416
     574.92     -2.583      1.303
     584.34      0.824     -0.038
     593.76     -0.016      1.360
     603.19      1.928      0.097
     612.61      0.176      0.450
     622.04     -0.048      1.430
     631.46     -2.016      1.702
     640.88      0.074      1.737
     650.31      1.440      1.632
     659.73     -2.765      1.197
     669.16      0.356      0.235
     678.58     -0.043      1.403
     688.00     -2.741      1.178
     697.43      0.351      0.237
     706.85     -0.047      1.402
     716.27     -2.715      1.197
     725.70      0.412      0.176
     735.12     -0.047      1.387
     744.55      3.139      0.869
     753.97      0.113      0.576
     763.39     -0.077      1.411
     772.82     -2.319      1.488
     782.24     -1.880      1.783
     791.67      2.358      0.372
     801.09     -0.156      2.410
     810.51      0.071      2.384
     819.94     -0.413      2.400
     829.36      0.514      2.260
     838.78     -1.577      2.010
     848.21      1.402      1.586
     857.63     -2.114      1.672
     867.06      0.036      1.774
     876.48      1.380      1.612
     885.90     -2.225      1.593
     895.33     -0.221      2.199
     904.75      0.880      2.061
     914.17     -2.411      1.457
     923.60     -2.413      1.415
     933.02     -3.078      0.912