      9.42     -1.044      1.976
      18.85     -0.531      2.016
      28.27     -0.178      1.943
      37.70     -0.248      1.971
      47.12     -0.174      1.940
      56.55     -0.258      1.974
      65.97     -0.168      1.937
      75.40     -0.270      1.978
      84.82     -0.163      1.934
      94.25     -0.284      1.981
     103.67     -0.158      1.930
     113.10     -0.296      1.985
     122.52     -0.155      1.928
     131.95     -0.307      1.987
     141.37     -0.153      1.926
     150.79     -0.315      1.989
     160.22     -0.152      1.925
     169.64     -0.320      1.989
     179.07     -0.152      1.924
     188.49     -0.323      1.990
     197.92     -0.152      1.924
     207.34     -0.325      1.990
     216.77     -0.152      1.924
     226.19     -0.326      1.990
     235.62     -0.153      1.924
     245.04     -0.327      1.990
     254.47     -0.154      1.924
     263.89     -0.327      1.990
     273.32     -0.153      1.924
     282.74     -0.324      1.990
     292.17     -0.151      1.925
     301.59     -0.321      1.990
     311.02     -0.149      1.925
     320.44     -0.319      1.991
     329.87     -0.146      1.925
     339.29     -0.316      1.991
     348.72     -0.144      1.926
     358.14     -0.314      1.992
     367.57     -0.142      1.926
     376.99     -0.312      1.992
     386.42     -0.140      1.926
     395.85     -0.310      1.993
     405.27     -0.138      1.926
     414.70     -0.307      1.993
     424.12     -0.135      1.927
     433.55     -0.305      1.993
     442.97     -0.133      1.927
     452.40     -0.303      1.994
     461.82     -0.131      1.927
     471.25     -0.300      1.994
     480.67     -0.129      1.928
     490.10     -0.298      1.995
     499.52     -0.126      1.928
     508.95     -0.296      1.995
     518.37     -0.126      1.928
     527.80     -0.295      1.994
     537.22     -0.128      1.927
     546.65     -0.302      1.994
     556.07     -0.131      1.926
     565.49     -0.308      1.994
     574.92     -0.135      1.925
     584.34     -0.312      1.993
     593.76     -0.138      1.925
     603.19     -0.316      1.993
     612.61     -0.142      1.924
     622.04     -0.320      1.992
     631.46     -0.145      1.924
     640.88     -0.324      1.991
     650.31     -0.149      1.923
     659.73     -0.328      1.991
     669.16     -0.153      1.923
     678.58     -0.332      1.990
     688.00     -0.156      1.922
     697.43     -0.336      1.989
     706.85     -0.160      1.922
     716.27     -0.339      1.988
     725.70     -0.164      1.921
     735.12     -0.343      1.987
     744.55     -0.167      1.921
     753.97     -0.347      1.987
     763.39     -0.171      1.920
     772.82     -0.351      1.986
     782.24     -0.175      1.920
     791.67     -0.354      1.985
     801.09     -0.178      1.919
     810.51     -0.358      1.984
     819.94     -0.182      1.919
     829.36     -0.362      1.983
     838.78     -0.185      1.918
     848.21     -0.366      1.983
     857.63     -0.189      1.917
     867.06     -0.369      1.982
     876.48     -0.193      1.917
     885.90     -0.373      1.981
     895.33     -0.196      1.916
     904.75     -0.377      1.980
     914.17     -0.200      1.916
     923.60     -0.381      1.979
     933.02     -0.204      1.915