      31.42      2.665      3.464
      62.83      2.043      3.478
      94.25      3.101      1.631
     125.66      2.492      3.472
     157.08      1.692      3.506
     188.49     -2.725      3.904
     219.91     -2.670      3.920
     251.33      2.812      1.412
     282.74      1.742      3.501
     314.16      2.711      3.852
     345.57      0.402      3.572
     376.99      1.275      3.538
     408.41     -2.369      3.747
     439.82      0.855      3.562
     471.24      2.919      1.494
     502.66      2.696      3.483
     534.07      2.087      3.476
     565.49     -2.614      2.062
     596.90      2.629      3.462
     628.32      1.991      3.482
     659.73      2.596      1.267
     691.15     -1.731      2.493
     722.56     -1.643      4.037
     753.98      0.491      3.575
     785.39     -2.134      3.822
     816.80     -2.909      1.829
     848.22      0.730      3.578
     879.63      0.494      3.359
     911.05      0.724      3.566
     942.46      1.244      4.060
     973.88      0.700      3.583
    1005.29      1.262      3.313
    1036.71      2.238      3.203
    1068.12      2.303      3.874
    1099.54     -1.872      3.631
    1130.95     -2.263      2.319
    1162.37      2.375      3.463
    1193.78      1.204      3.557
    1225.20     -2.139      3.834
    1256.61      1.219      3.544
    1288.03     -2.167      3.824
    1319.44      0.232      3.549
    1350.86     -3.079      1.430
    1382.27      2.857      3.502
    1413.69      0.805      3.583
    1445.10     -0.138      3.487
    1476.52     -1.988      3.880
    1507.93     -1.562      4.063
    1539.35      2.942      3.504
    1570.76     -0.519      3.376
    1602.17     -3.023      1.756
    1633.59      3.097      3.535
    1665.00      2.401      1.136
    1696.42     -2.012      3.887
    1727.83     -1.456      4.131
    1759.25     -1.774      3.991
    1790.66      0.005      3.519
    1822.08      2.884      3.476
    1853.49      0.439      3.578
    1884.91     -1.480      4.122
    1916.32     -1.822      3.971
    1947.74     -1.291      3.001
    1979.15      1.738      3.504
    2010.57      2.509      0.965
    2041.98      2.902      3.500
    2073.40     -1.217      3.048
    2104.82      2.017      3.482
    2136.24     -2.019      2.517
    2167.66     -1.988      4.030
    2199.09      0.663      3.580
    2230.51      0.948      3.345
    2261.93     -2.781      3.609
    2293.35      1.935      3.484
    2324.77      2.333      1.067
    2356.19     -1.704      2.735
    2387.61      2.756      1.113
    2419.03      1.674      3.979
    2450.45      1.943      3.485
    2481.87     -2.052      2.254
    2513.29      2.689      1.325
    2544.72     -2.734      1.967
    2576.14      2.972      3.485
    2607.56      2.119      3.473
    2638.98      2.778      1.389
    2670.40     -0.004      3.516
    2701.82      1.738      3.498
    2733.24     -1.332      4.220
    2764.66     -2.081      3.847
    2796.08     -1.651      3.989
    2827.50     -1.177      4.195
    2858.92      3.102      3.524
    2890.34      2.254      3.467
    2921.77      3.006      1.547
    2953.19      2.604      3.472
    2984.61      1.190      3.553
    3016.03     -2.643      2.026
    3047.45     -0.250      3.441
    3078.87      2.290      3.465
    3110.29      2.412      1.082