     9.42      0.363      0.246
      18.85      0.266      0.091
      28.27      0.267      0.110
      37.70      0.267      0.108
      47.12      0.267      0.109
      56.55      0.267      0.109
      65.97      0.267      0.109
      75.40      0.267      0.109
      84.82      0.267      0.109
      94.25      0.267      0.109
     103.67      0.267      0.109
     113.10      0.267      0.109
     122.52      0.267      0.109
     131.95      0.267      0.109
     141.37      0.267      0.109
     150.79      0.267      0.109
     160.22      0.267      0.109
     169.64      0.267      0.109
     179.07      0.267      0.109
     188.49      0.267      0.109
     197.92      0.267      0.109
     207.34      0.267      0.109
     216.77      0.267      0.109
     226.19      0.267      0.109
     235.62      0.267      0.109
     245.04      0.267      0.109
     254.47      0.267      0.109
     263.89      0.267      0.109
     273.32      0.267      0.109
     282.74      0.267      0.109
     292.17      0.267      0.109
     301.59      0.267      0.109
     311.02      0.267      0.109
     320.44      0.267      0.109
     329.87      0.267      0.109
     339.29      0.267      0.108
     348.72      0.268      0.108
     358.14      0.268      0.108
     367.57      0.268      0.108
     376.99      0.268      0.108
     386.42      0.268      0.108
     395.85      0.268      0.108
     405.27      0.268      0.108
     414.70      0.268      0.108
     424.12      0.268      0.108
     433.55      0.268      0.108
     442.97      0.268      0.108
     452.40      0.268      0.108
     461.82      0.268      0.108
     471.25      0.268      0.108
     480.67      0.268      0.107
     490.10      0.268      0.107
     499.52      0.269      0.107
     508.95      0.269      0.107
     518.37      0.269      0.107
     527.80      0.268      0.107
     537.22      0.268      0.107
     546.65      0.268      0.108
     556.07      0.268      0.108
     565.49      0.268      0.108
     574.92      0.268      0.108
     584.34      0.268      0.108
     593.76      0.268      0.108
     603.19      0.268      0.108
     612.61      0.268      0.108
     622.04      0.267      0.108
     631.46      0.267      0.109
     640.88      0.267      0.109
     650.31      0.267      0.109
     659.73      0.267      0.109
     669.16      0.267      0.109
     678.58      0.267      0.109
     688.00      0.267      0.109
     697.43      0.267      0.109
     706.85      0.266      0.109
     716.27      0.266      0.110
     725.70      0.266      0.110
     735.12      0.266      0.110
     744.55      0.266      0.110
     753.97      0.266      0.110
     763.39      0.266      0.110
     772.82      0.266      0.110
     782.24      0.266      0.110
     791.67      0.266      0.110
     801.09      0.265      0.111
     810.51      0.265      0.111
     819.94      0.265      0.111
     829.36      0.265      0.111
     838.78      0.265      0.111
     848.21      0.265      0.111
     857.63      0.265      0.111
     867.06      0.265      0.111
     876.48      0.265      0.111
     885.90      0.265      0.112
     895.33      0.264      0.112
     904.75      0.264      0.112
     914.17      0.264      0.112
     923.60      0.264      0.112
     933.02      0.264      0.112